   tilav.m3 halk.m kork.m
1    0.2917  0.211   21.3
2    0.2917  0.218   19.8
3    0.2888  0.224   19.2
4    0.4644  0.267   21.9
5    0.5324  0.272   24.7
6    0.5578  0.274   25.3
7    0.4417  0.279   20.1
8    0.5154  0.279   22.9
9    0.6400  0.282   24.4
10   0.5635  0.284   22.9
11   0.6853  0.287   24.1
12   0.5947  0.290   23.2
13   0.6060  0.290   23.2
14   0.6031  0.297   21.0
15   0.5409  0.305   22.9
16   0.6286  0.328   22.6
17   0.9571  0.328   25.9
18   0.7759  0.338   26.2
19   0.7277  0.348   21.6
20   0.7051  0.351   19.5
21   0.9769  0.356   23.8
22   0.8976  0.361   24.4
23   1.0279  0.368   22.6
24   1.0845  0.406   21.9
25   1.2063  0.414   23.5
26   1.5688  0.439   24.7
27   1.5772  0.445   25.0
28   1.6509  0.455   24.4
29   1.4583  0.457   24.4
30   1.4442  0.457   24.4
31   2.1804  0.523   26.5

