"Maa" "alue" "rannikko" "pintaala" "vaesto" "mediaaniika" "vaestkasvu" "birthrate" "infmort" "elinodote" "hivaids" "obesity" "alip_alle5" "nuor_tyot" "bkt" "internet" "lentokentat" "rautatiet" "puolustus" "inflaatio"
"1" "Afghanistan" 1 "Ei" 652230 34940837 19 2.37 37.5 108.5 52.1 NA 5.5 25 17.6 2000 3531770 43 NA 0.92 5
"2" "Akrotiri" NA "Kyllä" 123 NA NA NA NA NA NA NA NA NA NA NA NA 1 NA NA NA
"3" "Albania" 3 "Kyllä" 28748 3057220 33.4 0.3 13.2 11.6 78.6 NA 21.7 1.5 31.9 12500 2016516 4 677 1.25 2
"4" "Algeria" 2 "Kyllä" 2381740 41657488 28.3 1.63 21.5 18.9 77.2 NA 27.4 3 25.7 15200 17291463 157 3973 5.81 5.6
"5" "American Samoa" NA "Kyllä" 224 50826 26.1 -1.35 19 10.8 73.9 NA NA NA NA 11200 17000 3 NA NA -0.5
"6" "Andorra" 3 "Ei" 468 85708 44.9 -0.01 7.3 3.6 82.9 NA 25.6 NA NA 49900 83887 NA NA NA -0.9
"7" "Angola" 2 "Kyllä" 1246700 30355880 15.9 3.49 43.7 65.8 60.6 1.9 8.2 19 39.4 6800 2622403 176 2852 2.95 29.8
"8" "Anguilla" NA "Kyllä" 91 17422 35.1 1.92 12.4 3.3 81.6 NA NA NA NA 12200 13665 2 NA NA 1.3
"9" "Antarctica" NA "Kyllä" 14200000 NA NA NA NA NA NA NA NA NA NA NA 4400 23 NA NA NA
"10" "Antigua and Barbuda" 4 "Kyllä" 442.6 95882 32.2 1.2 15.6 11.7 76.9 NA 18.9 NA NA 26400 60000 3 NA NA 2.5
"11" "Argentina" 5 "Kyllä" 2780400 44694198 31.9 0.89 16.5 9.5 77.5 0.4 28.3 NA 22.6 20900 30786889 1138 36917 0.95 25.7
"12" "Armenia" 1 "Ei" 29743 3038217 35.6 -0.25 12.6 12.3 75.1 0.2 20.2 2.6 36.3 9500 1891775 11 780 4.2 0.9
"13" "Aruba" NA "Kyllä" 180 116576 39.5 1.24 12.3 10.4 77.1 NA NA NA 28.9 37500 106309 1 NA NA -0.5
"14" "Ashmore and Cartier Islands" NA "Kyllä" 5 NA NA NA NA NA NA NA NA NA NA NA NA NA NA NA NA
"15" "Australia" 0 "Kyllä" 7741220 23470145 38.8 1.01 12 4.2 82.4 0.1 29 NA 12.6 50400 20288409 480 33343 2 2
"16" "Austria" 3 "Ei" 83871 8793370 44.2 0.42 9.5 3.4 81.7 0.1 20.1 NA 9.8 50000 7346055 52 5800 0.58 2.2
"17" "Azerbaijan" 3 "Ei" 86600 10046516 31.7 0.83 15.3 23 73 0.1 19.9 4.9 13.4 17500 7720502 37 2944 3.64 13
"18" "Bahamas, The" 4 "Kyllä" 13880 332634 32.3 0.79 15.1 11.1 72.9 1.9 31.6 NA 25.8 32400 261853 61 NA NA 1.4
"19" "Bahrain" 1 "Kyllä" 760 1442659 32.5 2.19 13.1 8.8 79.1 NA 29.8 NA 5.3 49000 1351326 4 NA 4.59 1.4
"20" "Bangladesh" 1 "Kyllä" 148460 159453001 27.1 1.02 18.6 30.5 73.7 NA 3.6 32.8 12.8 4200 28499324 18 2460 1.44 5.6
"21" "Barbados" 4 "Kyllä" 430 293131 38.9 0.26 11.6 10 75.7 1.6 23.1 3.5 29.6 18600 231883 1 NA NA 4.4
"22" "Belarus" 3 "Ei" 207600 9527543 40.3 -0.24 10 3.6 73.2 0.4 24.5 NA 9.3 18900 6805786 65 5528 0.93 6
"23" "Belgium" 3 "Kyllä" 30528 11570762 41.5 0.67 11.3 3.4 81.2 NA 22.1 NA 19.3 46600 9870734 41 3592 0.93 2.2
"24" "Belize" 4 "Kyllä" 22966 385854 23.7 1.8 22.9 12 74.7 1.9 24.1 4.6 15.3 8300 157735 47 NA 1.58 1.1
"25" "Benin" 2 "Kyllä" 112622 11340504 18.4 2.68 34.5 51.5 62.7 1 9.6 16.8 5.6 2300 1288336 6 438 1.14 0.1
"26" "Bermuda" NA "Kyllä" 54 71176 43.5 0.43 11.3 2.5 81.5 NA NA NA 29.3 99400 69126 1 NA NA 1.9
"27" "Bhutan" 1 "Ei" 38394 766397 28.1 1.05 17 30.3 71.1 NA 6.4 12.7 10.7 9000 313347 2 NA NA 5.8
"28" "Bolivia" 5 "Ei" 1098581 11306341 24.6 1.48 21.6 34.2 69.8 0.3 20.2 3.4 6.9 7600 4354678 855 3960 1.76 2.8
"29" "Bosnia and Herzegovina" 3 "Kyllä" 51197 3849891 42.5 -0.17 8.7 5.4 77.1 NA 17.9 1.6 45.8 12800 2677502 24 965 0.99 1.2
"30" "Botswana" 2 "Ei" 581730 2249104 24.9 1.52 21.7 28.6 63.8 22.8 18.9 NA 36 17000 869610 74 888 3.37 3.3
"31" "Bouvet Island" NA "Kyllä" 49 NA NA NA NA NA NA NA NA NA NA NA NA NA NA NA NA
"32" "Brazil" 5 "Kyllä" 8515770 208846892 32.4 0.71 13.9 16.9 74.3 0.6 22.1 NA 28.5 15600 122841218 4093 29850 1.41 3.4
"33" "British Indian Ocean Territory" NA "Kyllä" 60 NA NA NA NA NA NA NA NA NA NA NA NA 1 NA NA NA
"34" "British Virgin Islands" NA "Kyllä" 151 35802 36.7 2.2 11.1 11.7 78.9 NA NA NA NA 34200 14600 4 NA NA 1.1
"35" "Brunei" 1 "Kyllä" 5765 450565 30.5 1.55 16.9 9.3 77.5 NA 14.1 9.6 28.9 78900 306000 1 NA 2.87 -0.2
"36" "Bulgaria" 3 "Kyllä" 110879 7057504 43 -0.63 8.5 8.3 74.8 NA 25 NA 12.9 21800 4274328 68 5114 1.56 1.2
"37" "Burkina Faso" 2 "Ei" 274200 19742715 17.4 2.76 36.9 54.7 61.8 0.8 5.6 16.2 8.7 1900 2723950 23 622 1.23 0.4
"38" "Burma" 1 "Kyllä" 676578 55622506 28.5 0.89 17.7 34.4 68.6 0.7 5.8 18.5 4 6300 14264308 64 5031 4.08 4
"39" "Burundi" 2 "Ei" 27830 11844520 17.1 3.23 40.9 57.4 61.4 1.1 5.4 29.3 2.9 700 574236 7 NA 2.21 16.6
"40" "Cabo Verde" 2 "Kyllä" 4033 568373 25.8 1.32 19.7 21.1 72.7 0.6 11.8 NA 32.5 7000 266562 9 NA 0.63 0.8
"41" "Cambodia" 1 "Kyllä" 181035 16449519 25.7 1.48 22.5 46.1 65.2 0.5 3.9 24.1 1.1 4000 4080372 16 642 2.09 2.9
"42" "Cameroon" 2 "Kyllä" 475440 25640965 18.6 2.54 35 49.8 59.4 3.7 11.4 14.8 6.3 3700 6090201 33 987 1.6 0.6
"43" "Canada" 4 "Kyllä" 9984670 35881659 42.4 0.72 10.2 4.5 82 NA 29.4 NA 11.1 48400 31770034 1467 77932 1.29 1.6
"44" "Cayman Islands" NA "Kyllä" 264 59613 40.2 1.96 12 5.7 81.4 NA NA NA 13.8 43800 45242 3 NA NA 2
"45" "Central African Republic" 2 "Ei" 622984 5745062 19.8 2.11 34 84.3 53.3 4 7.5 24.6 NA 700 246000 39 NA NA 4.1
"46" "Chad" 2 "Ei" 1284000 15833116 15.8 3.23 43 71.7 57.5 1.3 6.1 29.4 NA 2300 592623 59 NA 2.79 -0.9
"47" "Chile" 5 "Kyllä" 756102 17925262 34.8 0.75 13.4 6.4 79.1 0.6 28 0.5 18.1 24600 11650840 481 7282 1.87 2.2
"48" "China" 1 "Kyllä" 9596960 1384688986 37.7 0.37 12.1 11.8 75.8 NA 6.2 2.4 NA 16700 730723960 507 131000 2 1.6
"49" "Christmas Island" NA "Kyllä" 135 2205 NA 1.11 NA NA NA NA NA NA NA NA 790 1 18 NA NA
"50" "Clipperton Island" NA "Kyllä" 6 NA NA NA NA NA NA NA NA NA NA NA NA NA NA NA NA
"51" "Cocos (Keeling) Islands" NA "Kyllä" 14 596 NA 0 NA NA NA NA NA NA NA NA NA 1 NA NA NA
"52" "Colombia" 5 "Kyllä" 1138910 48168996 30.4 0.97 15.8 13.2 76.2 0.5 22.3 3.4 18.7 14400 27452550 836 2141 3.5 4.3
"53" "Comoros" 2 "Kyllä" 2235 821164 20.2 1.57 25.3 58.3 64.9 NA 7.8 16.9 NA 1600 63084 4 NA NA 1
"54" "Congo, Democratic Republic of the" 2 "Kyllä" 2344858 85281024 18.8 2.33 32.8 66.7 58.1 0.7 6.7 23.4 8.7 800 3016000 198 4007 1.34 41.5
"55" "Congo, Republic of the" 2 "Kyllä" 342000 5062021 19.6 2.17 33.7 53.5 60.3 3.1 9.6 12.3 NA 6800 362000 27 510 7.17 0.5
"56" "Cook Islands" NA "Kyllä" 236 9038 37.2 -2.72 13.7 12.6 76.2 NA 55.9 NA NA 16700 5160 11 NA NA 2.2
"57" "Coral Sea Islands" NA "Kyllä" 3 NA NA NA NA NA NA NA NA NA NA NA NA NA NA NA NA
"58" "Costa Rica" 4 "Kyllä" 51100 4987142 31.7 1.13 15.3 7.8 78.9 0.4 25.7 NA 20.6 16900 3217277 161 278 NA 1.6
"59" "Cote d'Ivoire" 2 "Kyllä" 322463 26260582 19.9 2.3 30.1 62.6 60.1 2.8 10.3 12.8 3.9 3900 6297676 27 660 1.39 0.8
"60" "Croatia" 3 "Kyllä" 56594 4270480 43.3 -0.51 8.8 9.1 76.3 NA 24.4 NA 27.4 24700 3135949 69 2722 1.36 1.1
"61" "Cuba" 4 "Kyllä" 110860 11116396 41.8 -0.27 10.6 4.4 78.9 0.4 24.6 NA 6.1 12300 4334022 133 8367 3.08 5.5
"62" "Curacao" NA "Kyllä" 444 150241 36.3 0.39 13.7 7.3 78.6 NA NA NA 29.7 15000 138750 1 NA NA 2.6
"63" "Cyprus" 3 "Kyllä" 9251 1237088 37.2 1.27 11.2 7.7 79 0.1 21.8 NA 24.7 37200 915036 15 NA 1.78 0.7
"64" "Czechia" 3 "Ei" 78867 10686269 42.5 0.1 9.2 2.6 78.9 NA 26 NA 7.9 35500 8141303 128 9408 1.11 2.4
"65" "Denmark" 3 "Kyllä" 43094 5809502 41.9 0.59 10.9 3.2 81 0.1 19.7 NA 11 50100 5424169 80 3476 1.21 1.1
"66" "Dhekelia" NA "Kyllä" 130.8 NA NA NA NA NA NA NA NA NA NA NA NA NA NA NA NA
"67" "Djibouti" 2 "Kyllä" 23200 884017 24.2 2.13 23.3 44.3 64 1.3 13.5 29.9 NA 3600 111212 13 97 NA 0.7
"68" "Dominica" 4 "Kyllä" 751 74027 34 0.17 15 10.3 77.4 NA 27.9 NA NA 11000 49439 2 NA NA 0.6
"69" "Dominican Republic" 4 "Kyllä" 48670 10298756 27.3 0.99 18.9 22.7 71.3 0.9 27.6 4 13.5 17000 6504998 36 496 0.66 3.3
"70" "Ecuador" 5 "Kyllä" 283561 16498502 28.1 1.25 17.6 15.9 77.1 0.3 19.9 5.1 7.9 11500 8693739 432 965 1.7 0.4
"71" "Egypt" 2 "Kyllä" 1001450 99413317 23.9 2.38 28.8 18.3 73.2 NA 32 7 29.6 12700 38 83 5085 1.67 23.5
"72" "El Salvador" 4 "Kyllä" 21041 6187271 27.6 0.25 16.1 16.3 75.1 0.6 24.6 5 10.1 8000 1785254 68 13 0.9 1
"73" "Equatorial Guinea" 2 "Kyllä" 28051 797457 19.9 2.41 31.7 63.3 65 6.5 8 5.6 NA 37400 180597 7 NA 0.18 0.7
"74" "Eritrea" 2 "Kyllä" 117600 5970646 19.9 0.89 29.1 44.4 65.6 0.6 5 39.4 NA 1600 69095 13 306 NA 9
"75" "Estonia" 3 "Kyllä" 45228 1244288 43 -0.6 9.9 3.8 77 0.7 21.2 NA 12.1 31700 1097921 18 2146 2.08 3.7
"76" "Eswatini" 2 "Ei" 17364 1087200 23.2 0.82 25.8 46.6 57.2 27.4 16.5 5.8 47.1 10100 414724 14 301 1.81 6.2
"77" "Ethiopia" 2 "Ei" 1104300 108386391 18 2.83 36 48.3 63 0.9 4.5 23.6 25.2 2200 15731741 57 659 0.67 9.9
"78" "Falkland Islands (Islas Malvinas)" NA "Kyllä" 12173 3198 NA 0.01 10.9 NA NA NA NA NA NA 70800 3000 7 NA NA 1.4
"79" "Faroe Islands" NA "Kyllä" 1393 51018 37.6 0.58 14.5 5.3 80.6 NA NA NA NA 40000 47988 1 NA NA -0.3
"80" "Fiji" 0 "Kyllä" 18274 926276 29.2 0.56 18.2 9.3 73.2 0.1 30.2 NA 15.4 9800 425680 28 597 0.98 3.4
"81" "Finland" 3 "Kyllä" 338145 5537364 42.6 0.33 10.7 2.5 81.1 NA 22.2 NA 20.1 44500 4822132 148 5926 1.29 0.8
"82" "France" 3 "Kyllä" 643801 67364357 41.5 0.37 12.1 3.2 82 0.5 21.6 NA 22.3 44100 57226585 464 29640 1.79 1.2
"83" "French Polynesia" NA "Kyllä" 4167 290373 32.4 0.85 14.5 4.6 77.5 NA NA NA 56.7 17000 195275 54 NA NA 0
"84" "French Southern and Antarctic Lands" NA "Kyllä" NA NA NA NA NA NA NA NA NA NA NA NA NA 4 NA NA NA
"85" "Gabon" 2 "Kyllä" 267667 2119036 20.5 2.73 26.5 32.9 68 4.2 15 6.4 35.7 18100 835408 44 649 1.43 2.7
"86" "Gambia, The" 2 "Kyllä" 11300 2092731 21.3 1.99 28.6 58.4 65.4 1.6 10.3 16.5 13.1 2600 371785 1 NA 3 8
"87" "Gaza Strip" NA "Kyllä" 360 1836713 17.4 2.25 30.5 16 74.4 NA NA 1.4 46.9 NA 2673000 1 NA NA 0.2
"88" "Georgia" 1 "Kyllä" 69700 4003000 38.3 0.01 12.1 14.7 76.6 0.4 21.7 1.1 30.5 10700 2464107 22 1363 2.1 6
"89" "Germany" 3 "Kyllä" 357022 80457737 47.4 -0.17 8.6 3.4 80.9 0.2 22.3 NA 6.8 50800 72365643 539 33590 1.24 1.7
"90" "Ghana" 2 "Kyllä" 238533 28102471 21.2 2.16 30.2 34.1 67.4 1.7 10.9 11.2 15.2 4700 9328018 10 947 0.4 12.4
"91" "Gibraltar" NA "Kyllä" 6.5 29461 35 0.21 13.9 5.8 79.7 NA NA NA NA 61700 27699 1 NA NA 2.5
"92" "Greece" 3 "Kyllä" 131957 10761523 44.9 -0.07 8.3 4.5 80.8 0.2 24.9 NA 43.6 27800 7443016 77 2548 2.4 1.1
"93" "Greenland" NA "Kyllä" 2166086 57691 34 -0.04 14.3 8.7 72.9 NA NA NA NA 41800 39544 15 NA NA 0.3
"94" "Grenada" 4 "Kyllä" 344 112207 32.1 0.42 15.2 9.4 74.8 NA 21.3 NA NA 15100 62123 3 NA NA 0.9
"95" "Guam" NA "Kyllä" 544 167772 29.1 0.23 19.4 11.9 76.4 NA NA NA 29.4 35600 125328 5 NA NA 1
"96" "Guatemala" 4 "Kyllä" 108889 16581273 22.5 1.72 24.6 23.3 71.8 0.4 21.2 12.4 5 8200 5241952 291 800 0.37 4.4
"97" "Guernsey" NA "Kyllä" 78 66697 44 0.28 9.8 3.4 82.7 NA NA NA NA 52500 55050 2 NA NA 3.4
"98" "Guinea" 2 "Kyllä" 245857 11855411 19 2.75 36.4 55.3 62.1 1.5 7.7 18.3 1 2200 1185148 16 1086 2.49 8.9
"99" "Guinea-Bissau" 2 "Kyllä" 36125 1833247 17.8 2.48 37.3 54.8 61.4 3.4 9.5 17 NA 1900 66169 8 NA 1.76 1.1
"100" "Guyana" 5 "Kyllä" 214969 740685 26.7 0.48 15.4 29.5 68.9 1.7 20.2 8.2 21.6 8100 262425 117 NA 1.42 2
"101" "Haiti" 4 "Kyllä" 27750 10788440 23.3 1.31 22.6 45.4 64.6 1.9 22.7 9.5 NA 1800 1282686 14 NA NA 14.7
"102" "Heard Island and McDonald Islands" NA "Kyllä" 412 NA NA NA NA NA NA NA NA NA NA NA NA NA NA NA NA
"103" "Holy See (Vatican City)" NA "Ei" 0.44 1000 NA 0 NA NA NA NA NA NA NA NA NA NA NA NA NA
"104" "Honduras" 4 "Kyllä" 112090 9182766 23.3 1.56 22 16.7 71.3 0.3 21.4 7.1 7.9 5600 2667978 103 699 1.59 3.9
"105" "Hong Kong" 1 "Kyllä" 1108 7213338 44.8 0.29 8.8 2.7 83.1 NA NA NA 8.7 61500 6066000 2 NA NA 1.5
"106" "Howland Island" NA "Kyllä" 1.6 NA NA NA NA NA NA NA NA NA NA NA NA NA NA NA NA
"107" "Hungary" 3 "Ei" 93028 9825704 42.7 -0.26 8.9 4.8 76.3 NA 26.4 NA 10.7 29600 7826695 41 8049 1.05 2.4
"108" "Iceland" 3 "Kyllä" 103000 343518 36.7 1.08 13.6 2.1 83.1 NA 21.9 NA 7.9 52200 329967 96 NA 0.1 1.8
"109" "India" 1 "Kyllä" 3287263 1296834042 28.1 1.14 18.7 37.8 69.1 0.2 3.9 36.3 10.1 7200 374328160 346 68525 2.47 3.6
"110" "Indonesia" 1 "Kyllä" 1904569 262787403 30.5 0.83 15.9 21.9 73.2 0.4 6.9 19.9 15.6 12400 65525226 673 8159 0.84 3.8
"111" "Iran" 1 "Kyllä" 1648195 83024745 30.8 1.19 17.4 15.5 74.2 0.1 25.8 4.1 28.4 20100 36070000 319 8484 5 9.6
"112" "Iraq" 1 "Kyllä" 438317 40194216 20.2 2.5 30 37.5 74.9 NA 30.4 7.2 25.6 16700 8098401 102 2272 3.63 0.1
"113" "Ireland" 3 "Kyllä" 70273 5068050 37.1 1.11 13.8 3.6 81 0.2 25.3 NA 14.4 73200 4069432 40 4301 0.4 0.3
"114" "Isle of Man" NA "Kyllä" 572 89407 44.4 0.65 10.9 4 81.4 NA NA NA 10.1 84600 NA 1 63 NA 4.1
"115" "Israel" 1 "Kyllä" 21937 8424904 30.1 1.49 17.9 3.4 82.7 NA 26.1 NA 7.3 36400 6521539 47 1250 5.62 0.2
"116" "Italy" 3 "Kyllä" 301340 62246674 45.8 0.16 8.5 3.2 82.4 0.2 19.9 NA 34.7 38200 38025661 129 20182 1.12 1.3
"117" "Jamaica" 4 "Kyllä" 10991 2812090 28.6 -0.05 16.5 12.4 74.5 1.8 24.7 2.2 24.1 9200 1336653 28 NA 0.9 4.4
"118" "Jan Mayen" NA "Kyllä" 377 NA NA NA NA NA NA NA NA NA NA NA NA 1 NA NA NA
"119" "Japan" 1 "Kyllä" 377915 126168156 47.7 -0.24 7.5 2 85.5 NA 4.3 3.4 3.6 42900 116565962 175 27311 0.93 0.5
"120" "Jarvis Island" NA "Kyllä" 4.5 NA NA NA NA NA NA NA NA NA NA NA NA NA NA NA NA
"121" "Jersey" NA "Kyllä" 116 99602 37.7 0.76 12.5 3.7 82 NA NA NA NA 56600 58000 1 NA NA 3.7
"122" "Johnston Atoll" NA "Kyllä" 2.63 NA NA NA NA NA NA NA NA NA NA NA NA NA NA NA NA
"123" "Jordan" 1 "Kyllä" 89342 10458413 22.8 2.02 23.6 13.7 75 NA 35.5 3 35.6 9200 5099674 18 509 4.8 3.3
"124" "Kazakhstan" 1 "Ei" 2724900 18744548 30.9 0.98 17.5 19 71.4 0.2 21 2 3.9 26300 14100751 96 16614 0.84 7.4
"125" "Kenya" 2 "Kyllä" 580367 48397527 20 1.57 22.6 36.1 64.6 4.8 7.1 11.2 NA 3500 12165597 197 3819 1.3 8
"126" "Kingman Reef" NA "Kyllä" 1 NA NA NA NA NA NA NA NA NA NA NA NA NA NA NA NA
"127" "Kiribati" 0 "Kyllä" 811 109367 25 1.12 21 31.1 66.9 NA 46 14.9 17.1 2000 14649 19 NA NA 0.4
"128" "Korea, North" 1 "Kyllä" 120538 25381085 34.2 0.52 14.6 21.4 71 NA 6.8 9.3 NA 1700 NA 82 7435 NA NA
"129" "Korea, South" 1 "Kyllä" 99720 51418097 42.3 0.44 8.3 3 82.5 NA 4.7 0.7 10.4 39500 44153000 111 3979 2.7 1.9
"130" "Kosovo" 3 "Ei" 10887 1907592 29.6 NA NA NA NA NA NA NA 52.4 10900 NA 6 333 0.79 1.5
"131" "Kuwait" 1 "Kyllä" 17818 2916467 29.4 1.38 18.8 6.8 78.3 NA 37.9 3 15.4 65800 2219972 7 NA 4.83 1.5
"132" "Kyrgyzstan" 1 "Ei" 199951 5849296 26.8 1.02 21.6 25 71.2 0.2 16.6 2.8 14.8 3700 1976006 28 424 3.15 3.2
"133" "Laos" 1 "Ei" 236800 7234171 23.4 1.48 23.2 48.4 65 0.3 5.3 26.9 18.2 7400 1258000 41 NA 0.2 0.8
"134" "Latvia" 3 "Kyllä" 64589 1923559 43.9 -1.1 9.6 5.1 74.9 0.7 23.6 NA 17 27700 1570374 42 1860 2 2.9
"135" "Lebanon" 1 "Kyllä" 10400 6100075 31.3 -3.13 14.1 7.2 77.9 NA 32 NA NA 19600 4747542 8 401 2.91 4.5
"136" "Lesotho" 2 "Ei" 30355 1962461 24.4 0.24 24.2 44.6 53 23.8 16.6 10.5 34.4 3300 534360 24 NA 1.85 5.3
"137" "Liberia" 2 "Kyllä" 111369 4809768 17.8 2.59 37.9 50.6 63.8 1.4 9.9 15.3 2.3 1300 314717 29 429 0.62 12.4
"138" "Libya" 2 "Kyllä" 1759540 6754507 29.4 1.45 17.2 10.5 76.9 NA 32.5 NA 48.7 9600 1326194 146 NA NA 28.5
"139" "Liechtenstein" 3 "Ei" 160 38547 43.4 0.78 10.4 4.2 82 NA NA NA NA 139100 37214 NA 9 NA -0.4
"140" "Lithuania" 3 "Kyllä" 65300 2793284 44 -1.1 9.8 3.8 75.2 0.2 26.3 NA 13.3 32400 2122884 61 1768 2 3.7
"141" "Luxembourg" 3 "Ei" 2586 605764 39.3 1.9 11.6 3.4 82.4 0.3 22.6 NA 15.4 105100 567698 2 275 0.55 2.1
"142" "Macau" 1 "Kyllä" 28.2 606340 39.8 0.71 8.4 3.1 84.6 NA NA NA 5.3 110000 460000 1 NA NA 1.2
"143" "Macedonia" NA "Ei" 25713 2118945 38.2 0.19 10.8 7.8 75.9 NA 22.4 1.3 46.7 14900 1475000 10 925 0.9 1.4
"144" "Madagascar" 2 "Kyllä" 587041 25683610 19.9 2.46 31 40.1 66.6 0.3 5.3 32.9 1 1600 1151563 83 836 0.53 8.3
"145" "Malawi" 2 "Ei" 118484 19842560 16.6 3.31 40.7 42.1 62.2 9.6 5.8 11.8 8.5 1200 1785369 32 767 0.61 12.2
"146" "Malaysia" 1 "Kyllä" 329847 31809660 28.7 1.34 18.8 12.1 75.4 0.4 15.6 13.7 10.5 29100 24384952 114 1851 1.11 3.8
"147" "Maldives" 1 "Kyllä" 298 392473 28.6 -0.06 16.1 21.3 76 NA 8.6 17.7 15.9 19200 232210 9 NA NA 2.3
"148" "Mali" 2 "Ei" 1240192 18429893 15.8 2.98 43.2 67.6 60.8 1.2 8.6 25 2.3 2200 1940978 25 593 2.63 1.8
"149" "Malta" 3 "Kyllä" 316 449043 41.8 0.99 10 4.7 82.7 0.1 28.9 NA 11.3 41900 320902 1 NA 0.53 1.3
"150" "Marshall Islands" 0 "Kyllä" 181 75684 23.1 1.5 23.8 18.7 73.6 NA 52.9 11.9 11 3600 21857 15 NA NA 0
"151" "Mauritania" 2 "Kyllä" 1030700 3840429 20.7 2.14 29.9 50.5 63.8 0.3 12.7 24.9 15.2 4500 661913 30 728 2.97 2.3
"152" "Mauritius" 2 "Kyllä" 2040 1364283 35.7 0.57 12.8 9.5 76 NA 10.8 NA 24 22300 717618 5 NA 0.18 3.7
"153" "Mexico" 4 "Kyllä" 1964375 125959205 28.6 1.09 18.1 11.3 76.3 0.3 28.9 4.2 6.9 19900 73334032 1714 20825 0.47 6
"154" "Micronesia, Federated States of" 0 "Kyllä" 702 103643 25.5 -0.55 19.6 19.1 73.4 NA 45.8 NA 18.9 3400 33000 6 NA NA 0.5
"155" "Midway Islands" NA "Kyllä" 6.2 NA NA NA NA NA NA NA NA NA NA NA NA NA NA NA NA
"156" "Moldova" 3 "Ei" 33851 3437720 37 -1.06 11.2 11.7 71.3 0.6 18.9 2.2 7.4 6700 2492444 7 1171 0.37 6.6
"157" "Monaco" 3 "Kyllä" 2 30727 53.8 0.3 6.5 1.8 89.4 NA NA NA 26.6 115700 29116 NA NA NA 1.5
"158" "Mongolia" 1 "Ei" 1564116 3103428 28.8 1.11 18.2 20.5 70.2 NA 20.6 0.9 17.9 13000 674949 44 1815 0.68 4.6
"159" "Montenegro" 3 "Kyllä" 13812 614249 38.9 -0.34 11.9 NA NA NA 23.3 1 31.7 17800 450442 5 250 1.67 2.4
"160" "Montserrat" NA "Kyllä" 102 5315 33.8 0.43 10.5 11.9 74.8 NA NA NA NA 34000 2860 1 NA NA 1.2
"161" "Morocco" 2 "Kyllä" 446550 34314130 29.7 0.95 17.5 21.1 77.3 NA 26.1 2.9 22.2 8600 19611643 55 2067 3.2 0.8
"162" "Mozambique" 2 "Kyllä" 799380 27233789 17.3 2.46 37.8 64 54.1 12.5 7.2 15.6 7.4 1300 4543284 98 4787 0.81 15.3
"163" "Namibia" 2 "Kyllä" 824292 2533224 21.4 1.91 26.8 33.8 64.4 12.1 17.2 13.2 44.9 11200 756118 112 2628 3.5 6.1
"164" "Nauru" 0 "Kyllä" 21 9692 26.7 0.51 23.2 7.7 67.8 NA 61 NA 26.6 12300 5100 1 NA NA 5.1
"165" "Navassa Island" NA "Kyllä" 5.4 NA NA NA NA NA NA NA NA NA NA NA NA NA NA NA NA
"166" "Nepal" 1 "Ei" 147181 29717587 24.5 1.09 19.1 26.9 71.3 0.2 4.1 27.2 NA 2700 5716419 47 59 1.55 4.5
"167" "Netherlands" 3 "Kyllä" 41543 17151228 42.7 0.38 10.9 3.5 81.5 0.2 20.4 NA 8.9 53900 15385203 29 3058 1.35 1.3
"168" "New Caledonia" NA "Kyllä" 18575 282754 32.3 1.3 14.8 5.2 78 NA NA NA 38.4 31100 201000 25 NA NA 1.4
"169" "New Zealand" 0 "Kyllä" 268838 4545627 38.1 0.77 13.1 4.4 81.4 0.1 30.8 NA 12.7 39000 3958642 123 4128 1.1 1.9
"170" "Nicaragua" 4 "Kyllä" 130370 6085213 26.2 0.97 17.5 17.7 73.7 0.2 23.7 4.6 8.5 5900 1466152 147 NA 0.61 3.9
"171" "Niger" 2 "Ei" 1267000 19866231 15.5 3.16 43.6 79.4 56.3 0.3 5.5 31.4 0.7 1200 805702 30 NA 4 2.4
"172" "Nigeria" 2 "Kyllä" 923768 203452505 18.3 2.54 35.2 63.3 59.3 2.8 8.9 31.5 12.4 5900 47759904 54 3798 0.5 16.5
"173" "Niue" NA "Kyllä" 260 1618 NA -0.03 NA NA NA NA 50 NA NA 5800 1090 1 NA NA 4
"174" "Norfolk Island" NA "Kyllä" 36 1748 NA 0.01 NA NA NA NA NA NA NA NA 765 1 NA NA NA
"175" "North Macedonia" 3 "Kyllä" NA NA NA NA NA NA NA NA NA NA NA NA NA NA NA 1.19 NA
"176" "Northern Mariana Islands" NA "Kyllä" 464 51994 33.4 -0.52 14.9 12.3 75.6 NA NA NA NA 24500 16000 5 NA NA 0.3
"177" "Norway" 3 "Kyllä" 323802 5372191 39.3 0.94 12.2 2.5 82 0.1 23.1 NA 10.4 72100 5122904 95 4200 1.61 1.9
"178" "Oman" 1 "Kyllä" 309500 4613241 25.8 2 23.7 12.4 75.9 NA 27 9.7 13.7 46000 2342483 132 NA 12.07 1.6
"179" "Pakistan" 1 "Kyllä" 796095 207862518 24.1 1.41 21.6 50.4 68.4 0.1 8.6 23.1 7.8 5400 31338715 151 11881 3.5 4.1
"180" "Palau" 0 "Kyllä" 459 21516 33.6 0.4 11.3 10.3 73.6 NA 55.3 NA NA 14700 7650 3 NA NA 0.9
"181" "Palmyra Atoll" NA "Kyllä" 11.9 NA NA NA NA NA NA NA NA NA NA NA NA NA NA NA NA
"182" "Panama" 4 "Kyllä" 75420 3800644 29.5 1.24 17.6 9.6 78.9 1 22.7 NA 10.8 25400 2000833 117 77 NA 0.9
"183" "Papua New Guinea" 0 "Kyllä" 462840 7027332 23.4 1.67 23.3 35.3 67.5 0.9 21.3 27.8 3.6 3700 652071 561 NA 0.66 5.4
"184" "Paracel Islands" NA "Kyllä" 7.75 1440 NA NA NA NA NA NA NA NA NA NA NA 1 NA NA NA
"185" "Paraguay" 5 "Ei" 406752 7025763 28.7 1.17 16.6 18.1 77.6 0.5 20.3 1.3 14.5 12800 3524045 799 30 1.25 3.6
"186" "Peru" 5 "Kyllä" 1285216 31331228 28.4 0.94 17.6 17.8 74.2 0.3 19.7 3.2 14.7 13500 13975422 191 1854 0.9 2.8
"187" "Philippines" 1 "Kyllä" 300000 105893381 23.7 1.55 23.4 20.9 69.6 0.1 6.4 21.5 8.9 8400 56956436 247 77 1.4 2.9
"188" "Pitcairn Islands" NA "Kyllä" 47 54 NA 0 NA NA NA NA NA NA NA NA 54 NA NA NA NA
"189" "Poland" 3 "Kyllä" 312685 38420687 41.1 -0.16 9.3 4.4 77.9 NA 23.1 NA 14.8 29600 28237820 126 19231 2 2
"190" "Portugal" 3 "Kyllä" 92090 10355493 43.7 -0.27 8.2 2.6 80.9 0.6 20.8 NA 23.9 30500 7629560 64 3075 1.36 1.6
"191" "Puerto Rico" NA "Kyllä" 9104 3294626 42.2 -1.7 8 6.3 81 NA NA NA 26.6 39400 2873895 29 NA NA 1.8
"192" "Qatar" 1 "Kyllä" 11586 2363569 33.4 1.95 9.5 6 79 0.1 35.1 NA 0.5 124100 2129360 6 NA NA 0.4
"193" "Romania" 3 "Kyllä" 238391 21457116 41.6 -0.35 8.7 9.2 75.6 0.1 22.5 NA 18.3 24600 12852696 45 11268 1.91 1.3
"194" "Russia" 3 "Kyllä" 17098242 142122776 39.8 -0.11 10.7 6.7 71.3 1.2 23.1 NA 16.3 27900 108772470 1218 87157 4.24 3.7
"195" "Rwanda" 2 "Ei" 26338 12187400 19.2 2.3 29.8 29.1 64.5 2.7 5.8 9.6 22.6 2100 3724678 7 NA 1.21 4.8
"196" "Saint Barthelemy" NA "Kyllä" 25 7160 44.7 NA NA NA NA NA NA NA NA NA NA 1 NA NA NA
"197" "Saint Helena, Ascension, and Tristan da Cunha" NA "Kyllä" 394 7841 42.4 0.14 9.4 12.8 79.8 NA NA NA NA 7800 1800 2 NA NA 4
"198" "Saint Kitts and Nevis" 4 "Kyllä" 261 53094 35.5 0.7 13 8.2 76.2 NA 22.9 NA NA 28200 39000 2 50 NA 0
"199" "Saint Lucia" 4 "Kyllä" 616 165510 35.5 0.31 13.1 10.6 78.1 NA 19.7 2.8 46.2 14400 86000 2 NA NA 0.1
"200" "Saint Martin" NA "Kyllä" 54.4 32284 32.8 NA NA NA NA NA NA NA NA 19300 1100 1 NA NA NA
"201" "Saint Pierre and Miquelon" NA "Kyllä" 242 5471 47.2 -1.13 7 6.4 80.7 NA NA NA NA 46200 4500 2 NA NA 1.5
"202" "Saint Vincent and the Grenadines" 4 "Kyllä" 389 101844 34.2 -0.23 13 11.7 75.8 NA 23.7 NA NA 11500 53000 6 NA NA 2.2
"203" "Samoa" 0 "Kyllä" 2831 201316 24.8 0.61 20.2 18 74.2 NA 47.3 3.2 31.9 5700 58508 4 NA NA 1.3
"204" "San Marino" 3 "Ei" 61 33779 44.7 0.7 8.6 4.3 83.4 NA NA NA 27.4 59000 17200 NA NA NA 1
"205" "Sao Tome and Principe" 2 "Kyllä" 964 204454 18.7 1.66 31.5 44.1 65.7 NA 12.4 8.8 20.8 3200 50000 2 NA NA 5.7
"206" "Saudi Arabia" 1 "Kyllä" 2149690 33091113 29.9 1.63 15.6 12.1 75.7 NA 35.4 NA 24.2 54500 20768456 214 5410 9.85 -0.9
"207" "Senegal" 2 "Kyllä" 196722 15020945 19 2.36 32.9 48 62.5 0.4 8.8 14.4 8.1 3500 3675209 20 906 1.38 1.3
"208" "Serbia" 3 "Ei" 77474 7078110 42.8 -0.47 8.9 5.7 75.9 NA 21.5 1.8 29.7 15100 4790488 26 3809 1.39 3.1
"209" "Seychelles" 2 "Kyllä" 455 94633 35.8 0.74 13.4 9.7 75.2 NA 14 3.6 10.9 29300 52664 14 NA 1.57 2.9
"210" "Sierra Leone" 2 "Kyllä" 71740 6312212 19.1 2.4 36 66.7 59 1.4 8.7 18.2 9.4 1600 708615 8 NA 0.81 18.2
"211" "Singapore" 1 "Kyllä" 719.2 5995991 34.9 1.79 8.7 2.3 85.5 0.2 6.1 NA 9.1 94100 4683200 9 NA 3.12 0.6
"212" "Sint Maarten" NA "Kyllä" 34 42677 41.2 1.39 13.1 7.9 78.5 NA NA NA NA 66800 NA 1 NA NA 4
"213" "Slovakia" 3 "Ei" 49035 5445040 41 -0.02 9.6 5 77.4 NA 20.5 NA 18.9 33100 4382558 35 3580 1.73 1.3
"214" "Slovenia" 3 "Kyllä" 20273 2102126 44.2 0.03 9.2 1.6 81.2 NA 20.2 NA 11.2 34500 1493382 16 1229 0.98 1.4
"215" "Solomon Islands" 0 "Kyllä" 28896 660121 22.8 1.9 24.5 14.3 75.8 NA 22.5 16.2 1.3 2200 69859 36 NA NA 0.5
"216" "Somalia" 2 "Kyllä" 637657 11259029 18.2 2.08 39.3 93 53.2 0.1 8.3 23 NA NA 203366 61 NA 0 1.5
"217" "South Africa" 2 "Kyllä" 1219090 55380210 27.4 0.97 19.9 29.9 64.1 18.8 28.3 5.9 53.4 13600 29322380 566 20986 1.07 5.3
"218" "South Georgia and South Sandwich Islands" NA "Kyllä" 3903 NA NA NA NA NA NA NA NA NA NA NA NA NA NA NA NA
"219" "South Sudan" 2 "Ei" 644329 10204581 18.1 -1.16 36.9 90.4 NA 2.4 6.6 29.1 38.6 1600 NA 85 248 10.93 87.9
"220" "Spain" 3 "Kyllä" 505370 49331076 43.1 0.73 9 3.3 81.8 0.4 23.8 NA 38.6 38400 39123384 150 15302 0.93 2
"221" "Spratly Islands" NA "Kyllä" 5 NA NA NA NA NA NA NA NA NA NA NA NA 4 NA NA NA
"222" "Sri Lanka" 1 "Kyllä" 65610 22576592 33.1 0.73 14.8 8.2 77.1 NA 5.2 20.5 21 12900 7126540 19 1562 2.14 6.5
"223" "Sudan" 2 "Kyllä" 1861484 43120843 17.9 2.93 34.2 44.2 65.8 0.2 6.6 33.5 20 4300 10284260 74 7251 2.83 32.4
"224" "Suriname" 5 "Kyllä" 163820 597927 30.2 1 15.6 23.7 72.8 1.3 26.4 6.4 13.4 14900 265964 55 NA NA 22
"225" "Svalbard" NA "Kyllä" 62045 2583 NA -0.03 NA NA NA NA NA NA NA NA NA 4 NA NA NA
"226" "Sweden" 3 "Kyllä" 450295 10040995 41.1 0.8 12.1 2.6 82.2 0.2 20.6 NA 17.9 51200 9041427 231 14127 1 1.9
"227" "Switzerland" 3 "Ei" 41277 8292809 42.5 0.68 10.5 3.6 82.7 NA 19.5 NA 8.1 62100 7312744 63 5196 0.71 0.5
"228" "Syria" 1 "Kyllä" 187437 19454263 24.5 7.37 20.7 14.4 75.2 NA 27.8 10.2 35.8 2900 5476850 90 2052 NA 28.1
"229" "Taiwan" 1 "Kyllä" 35980 23545963 41.3 0.15 8.2 4.3 80.4 NA NA NA NA 50500 20601000 37 1613 NA 1.1
"230" "Tajikistan" 1 "Ei" 144100 8604882 24.8 1.58 22.8 30.8 68.4 0.3 14.2 7.6 16.7 3200 1705345 24 680 1.19 7.3
"231" "Tanzania" 2 "Kyllä" 947300 55451343 17.9 2.74 35.3 38.7 63.1 4.5 8.4 13.7 3.9 3200 6822754 166 4567 1.14 5.3
"232" "Thailand" 1 "Kyllä" 513120 68615858 38.1 0.29 11 9 75.1 1.1 10 6.7 3.7 17900 32398778 101 4127 1.5 0.7
"233" "Timor-Leste" 1 "Kyllä" 14874 1321929 19.1 2.32 32.9 33.9 68.7 NA 3.8 37.5 13.2 6000 318373 6 NA 0.9 0.6
"234" "Togo" 2 "Kyllä" 56785 8176449 19.9 2.61 32.8 40.8 65.8 2.1 8.4 16.1 3.9 1700 877310 8 568 1.86 -0.7
"235" "Tokelau" NA "Kyllä" 12 1285 NA -0.01 NA NA NA NA NA NA NA 1000 805 NA NA NA NA
"236" "Tonga" 0 "Kyllä" 747 106398 23.3 -0.1 21.8 10.9 76.6 NA 48.2 1.9 NA 5900 42552 6 NA NA 7.4
"237" "Trinidad and Tobago" 4 "Kyllä" 5128 1215527 36.6 -0.23 12.3 21.6 73.4 1.1 18.6 4.9 7.1 31300 846000 4 NA 1.12 1.9
"238" "Tunisia" 2 "Kyllä" 163610 11516189 32 0.95 17.4 11.7 75.9 NA 26.9 2.8 34.7 11900 5665242 29 2173 2.03 5.3
"239" "Turkey" 3 "Kyllä" 783562 81257239 31.4 0.49 15.4 16.9 75.3 NA 32.1 2.3 20.5 27000 46838412 98 12710 2.88 11.1
"240" "Turkmenistan" 1 "Ei" 488100 5411012 28.3 1.1 18.9 33.1 70.7 NA 18.6 3.2 NA 18200 951925 26 5113 NA 8
"241" "Turks and Caicos Islands" NA "Kyllä" 948 53701 33.8 2.09 14.9 9.8 80.1 NA NA NA NA 29100 NA 8 NA NA 4
"242" "Tuvalu" 0 "Kyllä" 26 11147 26 0.86 23.7 28.2 67.2 NA 51.6 NA 20.6 3800 5042 1 NA NA 4.1
"243" "Uganda" 2 "Ei" 241038 40853749 15.9 3.18 42.4 54.6 56.3 5.9 5.3 10.4 14.8 2400 18148923 47 1244 1.7 5.6
"244" "Ukraine" 3 "Kyllä" 603550 43952299 40.8 0.04 10.1 7.7 72.4 0.9 24.1 NA 23 8800 23202067 187 21733 3.5 14.4
"245" "United Arab Emirates" 1 "Kyllä" 83600 9701315 37.2 1.44 9.8 5.5 78.7 NA 31.7 NA 7.7 68600 5370299 43 NA 4.86 2
"246" "United Kingdom" 3 "Kyllä" 243610 65105246 40.5 0.51 12 4.2 80.9 NA 27.8 NA 12.1 44300 61064454 460 16837 2.2 2.7
"247" "United States" 4 "Kyllä" 9833517 329256465 38.2 0.8 12.4 5.7 80.1 NA 36.2 0.5 8.6 59800 246809221 13513 293564 3.29 2.1
"248" "Uruguay" 5 "Kyllä" 176215 3369299 35.1 0.27 13 8.1 77.6 0.6 27.9 4 24.8 22400 2225075 133 1673 1.85 6.2
"249" "Uzbekistan" 1 "Ei" 447400 30023709 29.1 0.91 16.6 17.4 74.3 0.3 16.6 NA NA 6900 13791083 53 4642 NA 12.5
"250" "Vanuatu" 0 "Kyllä" 12189 288037 22.3 1.81 23.5 13.9 74 NA 25.2 10.7 10.6 2700 66613 31 NA NA 3.1
"251" "Venezuela" 5 "Kyllä" 912050 31689176 28.7 1.21 18.5 11.9 76.2 0.6 25.6 2.9 14.6 12500 18547381 444 447 1 87.5
"252" "Vietnam" 1 "Kyllä" 331210 97040334 30.9 0.9 15.2 16.7 73.9 0.3 2.1 14.1 7.3 6900 49741000 45 2600 2.19 3.5
"253" "Virgin Islands" NA "Kyllä" 1910 106977 41.3 -0.3 12.5 7.7 79.5 NA NA NA NA 37000 57000 2 NA NA 1
"254" "Wake Island" NA "Kyllä" 6.5 NA NA NA NA NA NA NA NA NA NA NA NA 1 NA NA NA
"255" "Wallis and Futuna" NA "Kyllä" 142 15763 32.8 0.3 13 4.3 80 NA NA NA NA 3800 3450 2 NA NA 0.9
"256" "West Bank" NA "Ei" 5860 2798494 21.4 1.81 26 13.6 75.4 NA NA 1.4 46.9 4300 2673000 2 NA NA 0.2
"257" "Western Sahara" NA "Kyllä" 266000 619551 21.5 2.64 28.9 50.5 63.8 NA NA NA NA 2500 NA 6 NA NA NA
"258" "Yemen" 1 "Kyllä" 527968 28667230 19.8 2.17 27.6 44.6 66.2 NA 17.1 39.9 24.5 2500 6732928 57 NA 5.04 24.7
"259" "Zambia" 2 "Ei" 752618 16445079 16.8 2.91 41.1 59.3 53 11.5 8.1 14.9 24 4000 3956252 88 3126 1.25 6.6
"260" "Zimbabwe" 2 "Ei" 390757 14030368 20.2 1.68 34 31.9 61.1 13.3 15.5 8.5 16.5 2300 3363256 196 3427 2.2 0.9
